SN	Status	PartID	FPGAver		NegTime		NegDeadChCount	NegStatus	NegBoardID	PosTime		PosDeadChCount	PosStatus	PosBoardID
1104	0	-	c8080f02	1534774285	35		0		2		1534774285	0		2		2		
868	1	FR3018	c8080f02	1534762039	1		1		2		1534762039	1		1		2		
847	0	-	c8080f02	1534763953	11		0		1		1534763953	0		2		1		
1094	1	-	c8080f02	1534770759	1		1		2		1534770759	1		1		2		
846	0	-	c8080f02	1534762334	64		0		1		1534762334	64		0		1		
861	0	-	c8080f02	1534794533	63		0		1		1534794533	63		0		1		
843	4	FR3018	c8080f02	1534761797	0		2		1		1534761797	0		2		1		
1073	1	-	c8080f02	1534764497	1		1		1		1534764497	1		1		1		
835	3	-	c8080f02	1534795258	0		2		2		1543915084	2		1		5		
1011	1	-	c8080f02	1534779456	1		1		1		1534779456	1		1		1		
958	0	-	c8080f02	1534791570	34		0		1		1534791570	0		2		1		
1022	4	-	c8080f02	1534773550	0		2		1		1540726609	0		2		2		
987	1	-	c8080f02	1534778147	2		1		2		1534778147	1		1		2		
1112	2	-	c8080f02	1534787162	2		1		1		1534787162	0		2		1		
834	0	-	c8080f02	1534794014	0		2		2		1534794014	59		0		2		
857	4	-	c8080f02	1534797981	0		2		1		1534797981	0		2		1		
951	1	-	c8080f02	1534789115	1		1		1		1534789115	1		1		1		
1437	0	-	c8080f02	1534799899	53		0		1		1534799899	5		0		1		
1091	1	-	c8080f02	1534768583	1		1		2		1534768583	1		1		2		
943	4	-	c8080f02	1534793390	0		2		2		1534793390	0		2		2		
956	1	-	c8080f02	1534790434	1		1		1		1534790434	1		1		1		
870	0	FR3018	c8080f02	1534763133	16		0		2		1534763133	0		2		2		
957	4	-	c8080f02	1534792228	0		2		1		1534792228	0		2		1		
1077	4	-	c8080f02	1534766845	0		2		1		1541963173	0		2		1		
962	1	-	c8080f02	1534787804	1		1		1		1534787804	1		1		1		
983	1	FR3018	c8080f02	1534782691	2		1		2		1534782691	1		1		2		
1098	4	FR3018	c8080f02	1534771967	0		2		2		1534771967	0		2		2		
960	4	-	c8080f02	1534792850	0		2		1		1534792850	0		2		1		
1079	1	-	c8080f02	1534768015	1		1		1		1534768015	1		1		1		
855	0	FR3018	c8080f02	1534798510	0		2		1		1534798510	10		0		1		
840	3	FR3018	c8080f02	1534797998	0		2		2		1534797998	1		1		2		
878	1	-	c8080f02	1534766945	2		1		2		1534766945	1		1		2		
858	4	-	c8080f02	1534797167	0		2		1		1534797167	0		2		1		
854	4	-	c8080f02	1534799068	0		2		1		1534799068	0		2		1		
940	1	-	c8080f02	1534790700	1		1		2		1534790700	1		1		2		
985	1	-	c8080f02	1534779258	1		1		2		1534779258	1		1		2		
2101	1	FR3118	c8081502	1535661226	2		1		1		1535661226	2		1		1		
2720	0	-	c8081502	1535625556	46		0		2		1535625556	0		2		2		
1625	4	FR3118	c8081502	1535644020	0		2		2		1535644020	0		2		2		
1981	4	FR3118	c8081502	1535617295	0		2		1		1535617295	0		2		1		
2669	4	-	c8081502	1535640639	0		2		1		1535640639	0		2		1		
2605	1	-	c8081502	1535621125	1		1		2		1535621125	1		1		2		
1492	4	-	c8081502	1535649749	0		2		2		1544300145	0		2		1		
2030	3	-	c8081502	1535642231	0		2		1		1535642231	1		1		1		
2606	4	-	c8081502	1535621824	0		2		2		1535621824	0		2		2		
2473	4	-	c8081502	1535662377	0		2		2		1535662377	0		2		2		
1879	4	-	c8081502	1535627528	0		2		1		1535627528	0		2		1		
1941	4	-	c8081502	1535607080	0		2		1		1535607080	0		2		1		
2467	4	FR3118	c8081502	1535659511	0		2		2		1535659511	0		2		2		
1840	4	-	c8081502	1535619960	0		2		1		1535619960	0		2		1		
1881	1	-	c8081502	1535626692	2		1		1		1535626692	1		1		1		
2658	4	-	c8081502	1535633503	0		2		1		1535633503	0		2		1		
1859	4	-	c8081502	1535634785	0		2		2		1535634785	0		2		2		
2311	4	-	c8081502	1535644518	0		2		1		1535644518	0		2		1		
2696	4	FR3118	c8081502	1535658506	0		2		1		1535658506	0		2		1		
1841	1	-	c8081502	1535628263	1		1		2		1535628263	1		1		2		
2693	4	-	c8081502	1535654426	0		2		1		1535654426	0		2		1		
2668	4	-	c8081502	1535637234	0		2		1		1535637234	0		2		1		
1870	4	-	c8081502	1535639265	0		2		2		1535639265	0		2		2		
586	4	-	c8081502	1535607405	0		2		2		1535607405	0		2		2		
2599	0	FR3118	c8081502	1535619144	9		0		2		1542209298	3		0		6		
1495	0	FR3118	c8081502	1535647943	3		0		2		1535647943	3		0		2		
2769	4	FR3118	c8081502	1535607751	0		2		2		1535607751	0		2		2		
582	4	FR3018	c8081502	1535615369	0		2		2		1535615369	0		2		2		
2754	4	-	c8081502	1535606075	0		2		2		1535606075	0		2		2		
1951	4	-	c8081502	1535612181	0		2		1		1535612181	0		2		1		
2476	4	-	c8081502	1535661342	0		2		2		1535661342	0		2		2		
1876	4	-	c8081502	1535629016	0		2		1		1535629016	0		2		1		
2016	4	-	c8081502	1535650895	0		2		1		1535650895	0		2		1		
2157	3	FR3118	c8081502	1535662327	0		2		1		1535662327	1		1		1		
2663	4	-	c8081502	1535634156	0		2		1		1535634156	0		2		1		
1830	4	-	c8081502	1535622673	0		2		1		1535622673	0		2		1		
1984	4	-	c8081502	1535616929	0		2		1		1535616929	0		2		1		
1977	3	FR3118	c8081502	1535614998	0		2		1		1535614998	1		1		1		
1863	4	-	c8081502	1535637197	0		2		2		1535637197	0		2		2		
2753	4	-	c8081502	1535606690	0		2		2		1535606690	0		2		2		
2469	4	-	c8081502	1535660271	0		2		2		1535660271	0		2		2		
1494	4	-	c8081502	1535648885	0		2		2		1535648885	0		2		2		
1864	4	-	c8081502	1535637524	0		2		2		1535637524	0		2		2		
2694	4	-	c8081502	1535654826	0		2		1		1535654826	0		2		1		
1626	4	-	c8081502	1535642823	0		2		2		1535642823	0		2		2		
1630	4	-	c8081502	1535645274	0		2		2		1535645274	0		2		2		
2604	4	-	c8081502	1535622215	0		2		2		1535622215	0		2		2		
1969	4	-	c8081502	1535616156	0		2		1		1535616156	0		2		1		
2695	4	FR3118	c8081502	1535651199	0		2		1		1535651199	0		2		1		
2470	4	FR3118	c8081502	1535659838	0		2		2		1535659838	0		2		2		
1838	4	FR3118	c8081502	1535620267	0		2		1		1535620267	0		2		1		
2660	4	FR3118	c8081502	1535634885	0		2		1		1535634885	0		2		1		
2074	4	-	c8081502	1535632311	0		2		1		1535632311	0		2		1		
1880	4	FR3118	c8081502	1535627042	0		2		1		1535627042	0		2		1		
1877	4	-	c8081502	1535627957	0		2		1		1535627957	0		2		1		
2104	4	-	c8081502	1535658859	0		2		1		1535658859	0		2		1		
2025	4	-	c8081502	1535640950	0		2		1		1535640950	0		2		1		
1873	0	-	c8081502	1535629334	0		2		1		1544096624	6		0		2		
2027	4	-	c8081502	1535641925	0		2		1		1535641925	0		2		1		
2602	4	FR3118	c8081502	1535619975	0		2		2		1535619975	0		2		2		
2717	4	-	c8081502	1535625907	0		2		2		1535625907	0		2		2		
1862	4	FR3118	c8081502	1535635423	0		2		2		1535635423	0		2		2		
584	4	-	c8081502	1535614954	0		2		2		1535614954	0		2		2		
581	4	-	c8081502	1535616102	0		2		2		1535616102	0		2		2		
1858	4	-	c8081502	1535633760	0		2		2		1535633760	0		2		2		
2702	4	FR3118	c8081502	1535656006	0		2		1		1535656006	0		2		1		
1979	4	-	c8081502	1535618404	0		2		1		1535618404	0		2		1		
1944	4	-	c8081502	1535608117	0		2		1		1535608117	0		2		1		
1825	4	-	c8081502	1535623761	0		2		1		1535623761	0		2		1		
1970	4	-	c8081502	1535616541	0		2		1		1535616541	0		2		1		
1837	0	FR3118	c8081502	1535619251	1		1		1		1544368916	64		0		1		
2004	1	-	c8081502	1535647396	1		1		1		1535647396	1		1		1		
1628	4	-	c8081502	1535644503	0		2		2		1535644503	0		2		2		
1489	2	-	c8081502	1535645698	1		1		2		1535645698	0		2		2		
1866	1	-	c8081502	1535638172	2		1		2		1535638172	2		1		2		
1619	4	-	c8081502	1535641688	0		2		2		1535641688	0		2		2		
1836	2	-	c8081502	1535620608	2		1		1		1535620608	0		2		1		
2593	2	FR3118	c8081502	1535616870	2		1		2		1535616870	0		2		2		
1702	4	-	c8081502	1535655957	0		2		2		1535655957	0		2		2		
577	4	-	c8081502	1535616480	0		2		2		1535616480	0		2		2		
2659	4	FR3118	c8081502	1535636914	0		2		1		1535636914	0		2		1		
1883	4	FR3118	c8081502	1535625643	0		2		1		1535625643	0		2		1		
1950	4	FR3118	c8081502	1535610736	0		2		1		1535610736	0		2		1		
1491	4	-	c8081502	1535649379	0		2		2		1535649379	0		2		2		
2001	1	FR3118	c8081502	1535644847	2		1		1		1535644847	2		1		1		
583	4	FR3018	c8081502	1535615762	0		2		2		1535615762	0		2		2		
1952	4	FR3118	c8081502	1535611595	0		2		1		1535611595	0		2		1		
1617	4	FR3118	c8081502	1535640595	0		2		2		1535640595	0		2		2		
2770	4	-	c8081502	1535607058	0		2		2		1535607058	0		2		2		
2475	4	-	c8081502	1535661658	0		2		2		1535661658	0		2		2		
3118	1	-	c8081502	1535649620	1		1		1		1535649620	1		1		1		
2024	4	-	c8081502	1535643854	0		2		1		1535643854	0		2		1		
2665	4	-	c8081502	1535638549	0		2		1		1535638549	0		2		1		
1832	4	-	c8081502	1535621584	0		2		1		1535621584	0		2		1		
1698	3	-	c8081502	1535650818	0		2		2		1544298839	2		1		1		
1704	4	-	c8081502	1535656679	0		2		2		1535656679	0		2		2		
2013	4	FR3118	c8081502	1535648320	0		2		1		1535648320	0		2		1		
2014	2	-	c8081502	1535650594	1		1		1		1535650594	0		2		1		
2103	4	FR3118	c8081502	1535661920	0		2		1		1535661920	0		2		1		
2777	4	-	c8081502	1535612499	0		2		2		1535612499	0		2		2		
2607	4	-	c8081502	1535620785	0		2		2		1535620785	0		2		2		
1831	4	FR3118	c8081502	1535622001	0		2		1		1535622001	0		2		1		
2012	4	FR3118	c8081502	1535650250	0		2		1		1535650250	0		2		1		
1856	1	-	c8081502	1535633370	1		1		2		1535633370	1		1		2		
2716	1	FR3118	c8081502	1535626893	2		1		2		1535626893	1		1		2		
2006	0	-	c8081502	1535646694	0		2		1		1535646694	7		0		1		
578	4	-	c8081502	1535610674	0		2		2		1535610674	0		2		2		
1699	1	-	c8081502	1535651153	1		1		2		1535651153	1		1		2		
1886	4	FR3118	c8081502	1535624595	0		2		1		1535624595	0		2		1		
2106	4	FR3118	c8081502	1535659493	0		2		1		1535659493	0		2		1		
2009	4	-	c8081502	1535648638	0		2		1		1535648638	0		2		1		
2601	4	-	c8081502	1535620445	0		2		2		1535620445	0		2		2		
1629	4	FR3118	c8081502	1535646561	0		2		2		1535646561	0		2		2		
2707	4	FR3118	c8081502	1535622900	0		2		2		1535622900	0		2		2		
1865	4	-	c8081502	1535638887	0		2		2		1535638887	0		2		2		
1847	4	FR3118	c8081502	1535629266	0		2		2		1535629266	0		2		2		
1623	4	-	c8081502	1535643599	0		2		2		1535643599	0		2		2		
1947	4	FR3118	c8081502	1535609825	0		2		1		1535609825	0		2		1		
1973	1	-	c8081502	1535614293	1		1		1		1535614293	1		1		1		
1627	4	-	c8081502	1535644858	0		2		2		1535644858	0		2		2		
2005	4	FR3118	c8081502	1535646383	0		2		1		1535646383	0		2		1		
1624	4	-	c8081502	1535642499	0		2		2		1535642499	0		2		2		
2722	4	-	c8081502	1535630000	0		2		1		1535630000	0		2		1		
2662	4	-	c8081502	1535633812	0		2		1		1535633812	0		2		1		
2699	4	-	c8081502	1535656381	0		2		1		1535656381	0		2		1		
2019	0	-	c8081502	1535642925	19		0		1		1535642925	0		2		1		
2782	4	-	c8081502	1535611064	0		2		2		1535611064	0		2		2		
2692	4	-	c8081502	1535655377	0		2		1		1535655377	0		2		1		
2107	4	-	c8081502	1535659798	0		2		1		1535659798	0		2		1		
1946	4	-	c8081502	1535608835	0		2		1		1535608835	0		2		1		
1490	1	-	c8081502	1535646034	2		1		2		1535646034	2		1		2		
1621	1	-	c8081502	1535642066	1		1		2		1535642066	1		1		2		
1878	1	FR3118	c8081502	1535628314	1		1		1		1535628314	1		1		1		
1843	4	FR3118	c8081502	1535628622	0		2		2		1535628622	0		2		2		
2719	1	-	c8081502	1535627240	1		1		2		1535627240	1		1		2		
1875	3	FR3118	c8081502	1535628691	0		2		1		1535628691	1		1		1		
1976	1	-	c8081502	1535613494	1		1		1		1535613494	1		1		1		
1874	0	-	c8081502	1535629649	3		0		1		1535629649	2		1		1		
2007	4	-	c8081502	1535649289	0		2		1		1535649289	0		2		1		
2705	1	-	c8081502	1535623226	2		1		2		1535623226	2		1		2		
2732	2	-	c8081502	1535614234	1		1		2		1535614234	0		2		2		
2595	0	-	c8081502	1535617244	64		0		2		1535617244	64		0		2		
2471	4	FR3118	c8081502	1535660846	0		2		2		1535660846	0		2		2		
2600	2	-	c8081502	1535619635	1		1		2		1535619635	0		2		2		
2474	2	-	c8081502	1535661973	2		1		2		1535661973	0		2		2		
1496	4	FR3118	c8081502	1535650079	0		2		2		1535650079	0		2		2		
2008	4	FR3118	c8081502	1535646081	0		2		1		1535646081	0		2		1		
1861	1	FR3118	c8081502	1535636097	1		1		2		1535636097	1		1		2		
1857	4	-	c8081502	1535634449	0		2		2		1535634449	0		2		2		
2015	4	FR3118	c8081502	1535647694	0		2		1		1535647694	0		2		1		
579	4	-	c8081502	1535613475	0		2		2		1535613475	0		2		2		
2028	4	FR3118	c8081502	1535641347	0		2		1		1535641347	0		2		1		
1982	4	-	c8081502	1535617693	0		2		1		1535617693	0		2		1		
1860	1	FR3118	c8081502	1535635105	1		1		2		1535635105	1		1		2		
1620	4	-	c8081502	1535640923	0		2		2		1535640923	0		2		2		
1493	4	-	c8081502	1535648297	0		2		2		1535648297	0		2		2		
2102	4	-	c8081502	1535661544	0		2		1		1535661544	0		2		1		
2708	1	-	c8081502	1535622579	2		1		2		1535622579	2		1		2		
1942	4	-	c8081502	1535607477	0		2		1		1535607477	0		2		1		
1697	4	-	c8081502	1535650464	0		2		2		1535650464	0		2		2		
1842	1	FR3118	c8081502	1535627909	1		1		2		1535627909	1		1		2		
2100	0	-	c8091701	1542732220	64		0		6		1542732220	64		0		6		
974	0	-	c8091701	1542730062	64		0		5		1542730062	64		0		5		
2180	0	-	c8091701	1542728174	64		0		6		1542728174	64		0		6		
1705	0	FR3118	c8091701	1542733893	64		0		5		1542733893	64		0		5		
1795	0	-	c8091701	1542730818	2		1		5		1535987866	0		0		1		
2420	0	-	c8091701	1542732919	64		0		5		1542732919	64		0		5		
971	0	-	c8091701	1542729578	64		0		5		1542729578	64		0		5		
2188	0	-	c8091701	1542727832	64		0		6		1542727832	64		0		6		
2280	0	-	c8091701	1542730009	64		0		6		1542730009	64		0		6		
2432	0	-	c8091701	1542734943	9		0		5		1538467643	9		0		2		
2729	0	FR3118	c8091701	1542731188	8		0		5		1542731188	2		1		5		
2452	4	-	c8091701	1542733746	0		2		6		1542733746	0		2		6		
33355	4	-	c80b1501	1559218791	0		2		6		1559218791	0		2		6		
34556	0	-	c9051103	1559201337	55		0		1		1559201337	0		0		1		
33399	0	-	c80b1501	1559223239	0		2		5		1559223239	51		0		5		
34318	4	-	c80b1501	1559218239	0		2		5		1559218239	0		2		5		
