NegDeadChannels								PosDeadChannels
1111111111111111111111111111100000000000000000000000000000000000	1111111111111111111111111111111111111111111111111111111111111111
1111111111111110111111111111111111111111111111111111111111111111	1111111111111110111111111111111111111111111111111111111111111111
1111111111111111111111111111111111111111111111111111100000000000	1111111111111111111111111111111111111111111111111111111111111111
1111111111011111111111111111111111111111111111111111111111111111	1111111111011111111111111111111111111111111111111111111111111111
0000000000000000000000000000000000000000000000000000000000000000	0000000000000000000000000000000000000000000000000000000000000000
1000000000000000000000000000000000000000000000000000000000000000	1000000000000000000000000000000000000000000000000000000000000000
1111111111111111111111111111111111111111111111111111111111111111	1111111111111111111111111111111111111111111111111111111111111111
1111111111111011111111111111111111111111111111111111111111111111	1111111111111011111111111111111111111111111111111111111111111111
1111111111111111111111111111111111111111111111111111111111111111	1011111011111111111111111111111111111111111111111111111111111111
1111111111111111111111111111111111111111111111110111111111111111	1111111111111111111111111111111111111111111111110111111111111111
1111111111111111111111111111100100000000000000000000000000000000	1111111111111111111111111111111111111111111111111111111111111111
1111111111111111111111111111111111111111111111111111111111111111	1111111111111111111111111111111111111111111111111111111111111111
1111111111111110011111111111111111111111111111111111111111111111	1111111111111110111111111111111111111111111111111111111111111111
1110110111111111111111111111111111111111111111111111111111111111	1111111111111111111111111111111111111111111111111111111111111111
1111111111111111111111111111111111111111111111111111111111111111	0010000000000000000000000100000000000000000000010000000000100001
1111111111111111111111111111111111111111111111111111111111111111	1111111111111111111111111111111111111111111111111111111111111111
1111111111111111111111111111111111111111111101111111111111111111	1111111111111111111111111111111111111111111101111111111111111111
1111110111011000000000000000000000000000000000000000000000000000	1111110111011011111111111111111011111111111111111111111111111011
1111111111111111111111111111111111111011111111111111111111111111	1111111111111111111111111111111111111011111111111111111111111111
1111111111111111111111111111111111111111111111111111111111111111	1111111111111111111111111111111111111111111111111111111111111111
1111111111111111111111111111111111111111111111111111110111111111	1111111111111111111111111111111111111111111111111111101111111111
1111111111111111111111111111111111111111111111100100000000000000	1111111111111111111111111111111111111111111111111111111111111111
1111111111111111111111111111111111111111111111111111111111111111	1111111111111111111111111111111111111111111111111111111111111111
1111111111111111111111111111111111111111111111111111111111111111	1111111111111111111111111111111111111111111111111111111111111111
1111111111111111111111111111110111111111111111111111111111111111	1111111111111111111111111111110111111111111111111111111111111111
1111111111111110111111111111111111111111111111111111111111110111	1111111111111110111111111111111111111111111111111111111111111111
1111111111111111111111111111111111111111111111111111111111111111	1111111111111111111111111111111111111111111111111111111111111111
1111111111111111111111111111111111111111111111111111111111111111	1111111111111111111111111111111111111111111111111111111111111111
1111111111111111111111111111111111111111111111111111110111111111	1111111111111111111111111111111111111111111111111111110111111111
1111111111111111111111111111111111111111111111111111111111111111	1111111111111111111111011110110111101101101111000111111111110111
1111111111111111111111111111111111111111111111111111111111111111	1111111111111111111111111111111111111111111111111111111111011111
1111111111111110111111111111111011111111111111111111111111111111	1111111111111110111111111111111111111111111111111111111111111111
1111111111111111111111111111111111111111111111111111111111111111	1111111111111111111111111111111111111111111111111111111111111111
1111111111111111111111111111111111111111111111111111111111111111	1111111111111111111111111111111111111111111111111111111111111111
1111111111111110111111111111111111111111111111111111111111111111	1111111111111110111111111111111111111111111111111111111111111111
1111111111111110111111111111111111111111111111111111111111111111	1111111111111110111111111111111111111111111111111111111111111111
1111111111111111111111111111110111101111111111111111111111111111	1111111111111111111111111111110111101111111111111111111111111111
0000000000000101010000110111101110001010100001001100000000000000	1111111111111111111111111111111111111111111111111111111111111111
1111111111111111111111111111111111111111111111111111111111111111	1111111111111111111111111111111111111111111111111111111111111111
1111111111111111111111111111111111111111111111111111111111111111	1111111111111111111111111111111111111111111111111111111111111111
1111111111111111111111111111111111111111111111111111111111111111	1111111111111111111111111111111111111111111111111111111111111111
1111111111111110111111111111111111111111111111111111111111111111	1111111111111110111111111111111111111111111111111111111111111111
1111111111111111111111111111111111111111111111111111111111111111	1111111111111111111111111111111111111111111111111111111111111111
1111111111111111111111111111111111111111111111111111111111111111	1111111111111111111111111111111111111111011111111111111111111111
1111111111111111111111111111111111111111111111111111111111111111	1111111111111111111111111111111111111111111111111111111111111111
1111111111111111111111111111111111111111111111111111111111111111	1111111111111111111111111111111111111111111111111111111111111111
1111111111111111111111111111111111111111111111111111111111111111	1111111111111111111111111111111111111111111111111111111111111111
1111111111111111111111111111111111111111111111111111111111111111	1111111111111111111111111111111111111111111111111111111111111111
1111111111111111111111111111111111111111111111111111111111111111	1111111111111111111111111111111111111111111111111111111111111111
1111111111111111111111111111111111111111111111111111111111111111	1111111111111111111111111111111111111111111111111111111111111111
1111111111111111111111111111111011111111111111111111111111110111	1111111111111111111111111111111111111111111111111111111111110111
1111111111111111111111111111111111111111111111111111111111111111	1111111111111111111111111111111111111111111111111111111111111111
1111111111111111111111111111111111111111111111111111111111111111	1111111111111111111111111111111111111111111111111111111111111111
1111111111111111111111111111111111111111111111111111111111111111	1111111111111111111111111111111111111111111111111111111111111111
1111111111111111111111111111111111111111111111111111111111111111	1111111111111111111111111111111111111111111111111111111111111111
1111111111111110111111111111111111111111111111111111111111111111	1111111111111110111111111111111111111111111111111111111111111111
1111111111111111111111111111111111111111111111111111111111111111	1111111111111111111111111111111111111111111111111111111111111111
1111111111111111111111111111111111111111111111111111111111111111	1111111111111111111111111111111111111111111111111111111111111111
1111111111111111111111111111111111111111111111111111111111111111	1111111111111111111111111111111111111111111111111111111111111111
1111111111111111111111111111111111111111111111111111111111111111	1111111111111111111111111111111111111111111111111111111111111111
1111111111111111111111110000000011101111111111111111111111111111	1111111111111111111111111011111011101111111111111111111111111111
1101111111111111111111111111111111111111011111111111111111101111	1101111111111111111111111111111111111111011111111111111111101111
1111111111111111111111111111111111111111111111111111111111111111	1111111111111111111111111111111111111111111111111111111111111111
1111111111111111111111111111111111111111111111111111111111111111	1111111111111111111111111111111111111111111111111111111111111111
1111111111111111111111111111111111111111111111111111111111111111	1111111111111111111111111111111111111111111111111111111111111111
1111111111111111111111111111111111111111111111111111111111111111	1111111111111111111111111111111111111111111111111111111111111111
1111111111111111111111111111111111111111111111111111111111111111	1111111111111111111111111111111111111111111111111111111111111111
1111111111111111111111111111111111111111111111111111111111111111	1111111111111111111111111111111111111111111111111111111111111111
1111111111111111111111111111111111111111111111111111111111111111	1111111111111111111111111111111111111111111111111111111111111111
1111111111111111111111111111111111111111111111111111111111111111	1111111111111111111111111111111111111111111111111111111101111111
1111111111111111111111111111111111111111111111111111111111111111	1111111111111111111111111111111111111111111111111111111111111111
1111111111111111111111111111111111111111111111111111111111111111	1111111111111111111111111111111111111111111111111111111111111111
1111111111111111111111111111111111111111111111111111111111111111	1111111111111111111111111111111111111111111111111111111111111111
1111111111111111111111111111111111111111111111111111111111111111	1111111111111111111111111111111011111111111111111111111111111111
1111111111111111111111111111111111111111111111111111111111111111	1111111111111111111111111111111111111111111111111111111111111111
1111111111111111111111111111111111111111111111111111111111111111	1111111111111111111111111111111111111111111111111111111111111111
1111111111111111111111111111111111111111111111111111111111111111	1111111111111111111111111111111111111111111111111111111111111111
1111111111111111111111111111111111111111111111111111111111111111	1111111111111111111111111111111111111111111111111111111111111111
1111111111111111111111111111111111111111111111111111111111111111	1111111111111111111111111111111111111111111111111111111111111111
1111111111111111111111111111111111111111111111111111111111111111	1111111111111111111111111111111111111111111111111111111111111111
1111111111111111111111111111111111111111111111111111111111111111	1111111111111111111111111111111111111111111111111111111111111111
1111111111111111111111111111111111111111111111111111111111111111	1111111111111111111111111111111111111111111111111111111111111111
1111111111111111111111111111111111111111111111111111111111111111	1111111111111111111111111111111111111111111111111111111111111111
1111111111111111111111111111111111111111111111111111111111111111	1111111111111111111111111111111111111111111111111111111111111111
1111111111111111111111111111111111111111111111111111111111111111	1111111111111111111111111111111111111111111111111111111111111111
1111111111111111111111111111111111111111111111111111111111111111	1111111111111111111111111111111111111111111111111111111111111111
1111111111111111111111111111111111111111111111111111111111111111	1111111111111111111111111111111111111111111111111111111111111111
1111111111111111111111111111111111111111111111111111111111111111	1111111111111111111111111111111111111111111111111111111111111111
1111111111111111111111111111111111111111111111111111111111111111	1111111111111111111111111111111111111111111111111111111111111111
1111111111111111111111111111111111111111111111111111111111111111	1111111111111111111111111111111111111111111111111111111111111111
1111111111111111111111111111111111111111111111111111111111111111	1111111111111111111111111111111111111111111111111111111111111111
1111111111111111111111111111111111111111111111111111111111111111	1111111111111111111111111111111111111111111111111111111111111111
1111111111111111111111111111111111111111111111111111111111111111	1111111111111111111111111111111111111111111111111111111111111111
1111111111111111111111111111111111111111111111111111111111111111	1111111111111110111111111011011011110111111111110111111111111111
1111111111111111111111111111111111111111111111111111111111111111	1111111111111111111111111111111111111111111111111111111111111111
1111111111111111111111111111111111111111111111111111111111111111	1111111111111111111111111111111111111111111111111111111111111111
1111111111111111111111111111111111111111111111111111111111111111	1111111111111111111111111111111111111111111111111111111111111111
1111111111111111111111111111111111111111111111111111111111111111	1111111111111111111111111111111111111111111111111111111111111111
1111111111111111111111111111111111111111111111111111111111111111	1111111111111111111111111111111111111111111111111111111111111111
1111111111111111111111111111111111111111111111111111111111111111	1111111111111111111111111111111111111111111111111111111111111111
1111111111111111111111111111111111111111111111111111111111111111	1111111111111111111111111111111111111111111111111111111111111111
1111111111111111111111111111111111111111111111111111111111111111	1111111111111111111111111111111111111111111111111111111111111111
1111111111111111111111111111111111111111111111111111111111111111	1111111111111111111111111111111111111111111111111111111111111111
1111111111111111111111111111111111111111111111111111111111111111	1111111111111111111111111111111111111111111111111111111111111111
1111111111111111111111111111111111111111111111111111111111111111	1111111111111111111111111111111111111111111111111111111111111111
1111111111111111111111111111111111111111111111111111111111111111	1111111111111111111111111111111111111111111111111111111111111111
1111111111111111111111101111111111111111111111111111111111111111	0000000000000000000000000000000000000000000000000000000000000000
1111111101111111111111111111111111111111111111111111111111111111	1111111101111111111111111111111111111111111111111111111111111111
1111111111111111111111111111111111111111111111111111111111111111	1111111111111111111111111111111111111111111111111111111111111111
1111111111111111111111111111111111111111111111111111111111011111	1111111111111111111111111111111111111111111111111111111111111111
1111110111111110111111111111111111111111111111111111111111111111	1111110111111110111111111111111111111111111111111111111111111111
1111111111111111111111111111111111111111111111111111111111111111	1111111111111111111111111111111111111111111111111111111111111111
1111111111111111111111111111111111111111111111111111101111111101	1111111111111111111111111111111111111111111111111111111111111111
1111111111111111111111111111111111111111111111111111111101110111	1111111111111111111111111111111111111111111111111111111111111111
1111111111111111111111111111111111111111111111111111111111111111	1111111111111111111111111111111111111111111111111111111111111111
1111111111111111111111111111111111111111111111111111111111111111	1111111111111111111111111111111111111111111111111111111111111111
1111111111111111111111111111111111111111111111111111111111111111	1111111111111111111111111111111111111111111111111111111111111111
1111111111111111111111111111111111111111111111111111111111111111	1111111111111111111111111111111111111111111111111111111111111111
1111111111111111111111111111111111111111111111111111111111111111	1111111111111111111111111111111111111111111111111111111111111111
1111111111111111111111111111111111111111111111111111111111111111	1111111111111111111111111111111111111111111111111111111111111111
1111111111111111111111111111111111111111111111110111111101111111	1111111111111111111111111111111111111111111111110111111101111111
1111111111111111111111111111111111111111111111111111111111111111	1111111111111111111111111111111111111111111111111111111111111111
1111111111111111111111111111111111111111111111111111111111111111	1111111111111111111111111111111111111111111111111111111111111111
1111111111111111111111111111111111111111111111111111111111111111	1111111111111111111111111111111111111111111111111111111111111111
1111111111111111111111111111111111111111111111111111111111111111	1111111111111111111111111111111111111111111111111111111111111111
1111111111111111111111111111111111111111111111111111111111111111	1111111111111111111111111111111111111111111111111111111111111111
1111111111111110111111111111111111111111111111111111111111111111	1111111111111110111111111111111111111111111111111111111111111111
1111111111111111111111111111111111111111111111111111111111111111	1111111111111111111111111111111111111111111111111111111111111111
1111111111111111111111111111111111111111111111111111111111111111	1111111111111111111111111111111111111111111111111111111111111111
1111111111111111111111111111111111111111111111111111111111111111	1111111111111111111111111111111111111111111111111111111111111111
1111111111111111111111111111111111111111111111111111111111111111	1111111110111111111111111111110111111111111111111111111111111111
1111111111111111111111111111111111111111111111111111111111111111	1111111111111111111111111111111111111111111111111111111111111111
1111111111111111111111111111111111111111111111111111111111111111	1111111111111111111111111111111111111111111111111111111111111111
1111111111111111111111111111111111111111111111111011111111111111	1111111111111111111111111111111111111111111111111111111111111111
1111111111111111111111111111111111111111111111111111111111111111	1111111111111111111111111111111111111111111111111111111111111111
1111111111111111111111111111111111111111111111111111111111111111	1111111111111111111111111111111111111111111111111111111111111111
1111111111111111111111111111111111111111111111111111111111111111	1111111111111111111111111111111111111111111111111111111111111111
1111111111111111111111111111111111111111111111111111111111111111	1111111111111111111111111111111111111111111111111111111111111111
1111111111111111111111111111111111111111111111111111111111111111	1111111111111111111111111111111111111111111111111111111111111111
1111111101111111111111111111111111111111111111111111111111111111	1111111111111111111111111111101111111111111111111111111111111111
1111111111111110111111111111111111111111111111111111111111111110	1111111111111110111111111111111111111111111111111111111111111111
1111111111111111111111111111111111111111111111111111111111111111	1111111111111111010111110101111101111111111111110111111111111011
1111111111111111111111111111111111111111111111111111111111111111	1111111111111111111111111111111111111111111111111111111111111111
1111110111111111111111111111111111111111111111111111111111111111	1111110111111111111111111111111111111111111111111111111111111111
1111111111111111111111111111111111111111111111111111111111111111	1111111111111111111111111111111111111111111111111111111111111111
1111111111111111111111111111111111111111111111111111111111111111	1111111111111111111111111111111111111111111111111111111111111111
1111111111111111111111111111111111111111111111111111111111111111	1111111111111111111111111111111111111111111111111111111111111111
1111111111111111111111111111111111111111111111111111111111111111	1111111111111111111111111111111111111111111111111111111111111111
1111111111111111111111111111111111111111111111111111111111111111	1111111111111111111111111111111111111111111111111111111111111111
1111111111111111111111111111111111111111111111111111111111111111	1111111111111111111111111111111111111111111111111111111111111111
1111111111111111111111111111111111111111111111111111111111111111	1111111111111111111111111111111111111111111111111111111111111111
1111111111111111111111111111111111111111111111111111111111111111	1111111111111111111111111111111111111111111111111111111111111111
1111111111111111111111111111111111111111111111111111111111111111	1111111111111111111111111111111111111111111111111111111111111111
1111111111111111111111111111111111111111111111111111111111111111	1111111111111111111111111111111111111111111111111111111111111111
1111111111101111111111111111111111111111111111111111111111111111	1111111111101111111111111111111111111111111111111111111111111111
1111111111111111111111111111111111111111111111111111111111111111	1111111111111111111111111111111111111111111111111111111111111111
1111111111111111111111111111111111111111111111111111111111111111	1111111111111111111111111111111111111111111111111111111111111111
1111111111111111111111111111111111111111111111111111111111111111	1111111111111111111111111111111111111111111111111111111111111111
1111111111111111111111111111111111111111111111111111111111111111	1111111111111111111111111111111111111111111111111111111111111111
1111111111111111111111111111111111111111111111111111111111111111	1111111111111111111111111111111111111111111111111111111111111111
1111111111111111111111111111111111111111111111111111111111111111	1111111111111111111111111111111111111111111111111111111111111111
1111111111111111111111111111111110100011111111000100100000000010	1111111111111111111111111111111111111111111111111111111111111111
1111111111111111111111111111111111111111111111111111111111111111	1111111111111111111111111111111111111111111111111111111111111111
1111111111111111111111111111111111111111111111111111111111111111	1111111111111111111111111111111111111111111111111111111111111111
1111111111111111111111111111111111111111111111111111111111111111	1111111111111111111111111111111111111111111111111111111111111111
1111111111111111111111111111111111111111111111111111111111111111	1111111111111111111111111111111111111111111111111111111111111111
1111101111111111111111111111111111111111111111111111111111111011	1111101111111111111111111111111111111111111111111111111111111011
1111111111111110111111111111111111111111111111111111111111111111	1111111111111110111111111111111111111111111111111111111111111111
1110111111111111111111111111111111111111111111111111111111111111	1110111111111111111111111111111111111111111111111111111111111111
1111111111111111111111111111111111111111111111111111111111111111	1111111111111111111111111111111111111111111111111111111111111111
1111111111111111111111111111111111111111111101111111111111111111	1111111111111111111111111111111111111111111101111111111111111111
1111111111111111111111111111111111111111111111111111111111111111	1111111110111111111111111111111111111111111111111111111111111111
1111111111111111111111111111101111111111111111111111111111111111	1111111111111111111111111111101111111111111111111111111111111111
1111111111111111111100111111111111011111111111111111111111111111	1111111111111111111101111111111111011111111111111111111111111111
1111111111111111111111111111111111111111111111111111111111111111	1111111111111111111111111111111111111111111111111111111111111111
1111111111111110111111111111111111111111111101111111111111111111	1111111111111110111111111111111111111111111101111111111111111111
1111111111111111111111111111111111111111111111111110111111111111	1111111111111111111111111111111111111111111111111111111111111111
0000000000000000000000000000000000000000000000000000000000000000	0000000000000000000000000000000000000000000000000000000000000000
1111111111111111111111111111111111111111111111111111111111111111	1111111111111111111111111111111111111111111111111111111111111111
1111111111111111111111111111111111111111111111111111111111111101	1111111111111111111111111111111111111111111111111111111111111111
1111111111111111111111111111111111111111111111111111111111111100	1111111111111111111111111111111111111111111111111111111111111111
1111111111111111111111111111111111111111111111111111111111111111	1111111111111111111111111111111111111111111111111111111111111111
1111111111111111111111111111111111111111111111111111111111111111	1111111111111111111111111111111111111111111111111111111111111111
1111111111111111111111111111111111111111111101111111111111111111	1111111111111111111111111111111111111111111101111111111111111111
1111111111111111111111111111111111111111111111111111111111111111	1111111111111111111111111111111111111111111111111111111111111111
1111111111111111111111111111111111111111111111111111111111111111	1111111111111111111111111111111111111111111111111111111111111111
1111111111111111111111111111111111111111111111111111111111111111	1111111111111111111111111111111111111111111111111111111111111111
1111111111111111111111111111111111111111111111111111111111111111	1111111111111111111111111111111111111111111111111111111111111111
1111111111111111111111111111111111111111111111111111111111111111	1111111111111111111111111111111111111111111111111111111111111111
1111111111111111111111111111111111111111111111101111111111111111	1111111111111111111111111111111111111111111111101111111111111111
1111111111111111111111111111111111111111111111111111111111111111	1111111111111111111111111111111111111111111111111111111111111111
1111111111111111111111111111111111111111111111111111111111111111	1111111111111111111111111111111111111111111111111111111111111111
1111111111111111111111111111111111111111111111111111111111111111	1111111111111111111111111111111111111111111111111111111111111111
1111111111111110111111111111111111111111111111011111111111111111	1111111111111110111111111111111111111111111111011111111111111111
1111111111111111111111111111111111111111111111111111111111111111	1111111111111111111111111111111111111111111111111111111111111111
1111111111111111111111111111111111111111111111111111111111111111	1111111111111111111111111111111111111111111111111111111111111111
1111111111111111111111111111111111111011111111111111111111111111	1111111111111111111111111111111111111011111111111111111111111111
0000000000000000000000000000000000000000000000000000000000000000	0000000000000000000000000000000000000000000000000000000000000000
0000000000000000000000000000000000000000000000000000000000000000	0000000000000000000000000000000000000000000000000000000000000000
0000000000000000000000000000000000000000000000000000000000000000	0000000000000000000000000000000000000000000000000000000000000000
0000000000000000000000000000000000000000000000000000000000000000	0000000000000000000000000000000000000000000000000000000000000000
1111111111111011111111111111111111111111111110111111111111111111	1111111111111111111111111111111111111111111111111111111111111111
0000000000000000000000000000000000000000000000000000000000000000	0000000000000000000000000000000000000000000000000000000000000000
0000000000000000000000000000000000000000000000000000000000000000	0000000000000000000000000000000000000000000000000000000000000000
0000000000000000000000000000000000000000000000000000000000000000	0000000000000000000000000000000000000000000000000000000000000000
0000000000000000000000000000000000000000000000000000000000000000	0000000000000000000000000000000000000000000000000000000000000000
1111111111111111111111111111111111111111111111100000000011111111	1111111111111111111111111111111111111111111111100000000011111111
1111111111111111111111110000000011111111111111111111111111111111	1111011111111111111111110111111111111111111111111111111111111111
1111111111111111111111111111111111111111111111111111111111111111	1111111111111111111111111111111111111111111111111111111111111111
1111111111111111111111111111111111111111111111111111111111111111	1111111111111111111111111111111111111111111111111111111111111111
1111111101000000000000000000000000000000000000000000000000000000	1111111111111111111111111111111111111111111111111111111111111111
1111111111111111111111111111111111111111111111111111111111111111	0000010110010000000000000000001100000000000100010010101000100001
1111111111111111111111111111111111111111111111111111111111111111	1111111111111111111111111111111111111111111111111111111111111111
